Multiple size <= 100
TEST 1 ARG:53 29 15 43 49 14 59 76 26 89 81 48 0 28 33 61 54 86 22 34 71 55 78 70 62 84 23 90 68 3 92 82 17 45 57 97 91 5 87 75 67 47 73 58 64 8 79 46 4 13 40 74 65 25 38 72 80 36 6 93 99 85 52 37 10 31 35 1 39 32 41 19 30 27 66 21 16 11 18 56 42 88 77 83 60 24 63 94 50 7 95 44 9 20 69 2 96 51 98 12 
TEST 2 ARG:9 46 23 80 83 33 91 84 96 78 37 10 81 61 82 15 45 57 73 67 60 79 93 95 86 7 2 24 88 44 47 27 39 72 28 18 89 19 22 69 51 71 13 90 64 76 52 3 77 12 14 25 63 54 17 11 42 26 74 16 30 36 20 29 38 98 55 43 62 21 5 48 31 70 35 0 41 1 50 68 56 4 85 65 58 87 59 66 99 49 75 94 92 6 32 8 97 40 53 34 
TEST 3 ARG:94 32 75 72 63 22 21 81 8 29 39 40 19 55 2 69 58 18 66 76 92 15 82 96 98 30 10 17 60 37 93 44 71 16 50 11 1 62 9 52 4 59 38 77 74 34 53 85 13 90 86 57 7 12 88 67 91 80 78 61 0 79 47 43 65 36 33 97 42 41 27 23 28 68 26 73 25 31 99 20 24 87 45 6 56 51 35 46 89 83 5 49 70 14 64 3 54 48 95 84 
TEST 4 ARG:24 34 65 70 48 89 77 47 64 79 49 28 32 50 36 73 93 25 78 85 10 75 14 54 39 94 67 92 33 20 8 29 76 6 68 99 74 16 42 7 21 53 90 2 19 26 23 41 18 35 17 27 59 40 9 4 88 1 38 44 31 61 43 51 37 82 22 58 57 0 30 84 97 83 15 56 87 46 86 95 91 62 3 80 13 81 71 72 98 60 5 63 69 66 11 52 96 55 12 45 
TEST 5 ARG:10 70 45 0 71 21 87 12 9 13 48 49 56 44 91 39 7 24 98 4 42 67 93 57 15 60 69 72 66 11 94 23 99 97 28 8 34 20 64 14 63 77 2 19 96 22 83 6 86 5 29 35 37 76 73 33 31 41 80 51 32 95 74 81 52 43 16 79 17 50 58 25 85 90 38 27 40 59 89 18 68 26 47 1 55 82 78 3 62 30 61 65 92 36 53 46 84 54 88 75 
TEST 6 ARG:5 36 56 75 74 19 72 48 25 2 31 76 90 16 67 89 91 50 22 17 12 1 44 45 26 64 84 8 51 52 96 43 23 85 80 54 92 66 71 39 95 7 81 47 93 63 87 46 98 13 97 79 70 18 21 69 73 68 10 14 88 3 29 33 0 37 41 62 53 34 15 65 58 38 77 6 59 55 27 42 28 61 20 99 83 4 94 49 30 35 57 24 78 32 60 11 40 86 82 9 
TEST 7 ARG:42 89 51 96 74 83 47 84 75 97 41 57 80 39 26 12 78 82 10 67 91 93 79 28 6 76 34 63 54 90 46 9 17 22 23 35 77 29 38 95 20 1 86 58 50 8 53 14 65 15 55 31 72 11 87 88 49 73 81 16 33 64 48 98 56 32 45 52 68 43 30 0 69 66 21 7 36 99 71 62 3 5 37 2 19 27 59 70 85 4 92 24 25 44 60 40 13 61 18 94 
TEST 8 ARG:34 71 46 75 17 74 73 27 63 83 22 69 93 38 67 98 90 88 72 43 89 21 10 33 24 2 7 66 60 3 80 30 15 54 68 55 50 59 95 78 92 85 20 61 76 36 48 91 6 25 99 31 35 42 45 56 13 70 52 11 0 94 57 65 26 12 9 49 44 64 58 87 79 8 51 96 82 81 32 41 19 77 39 28 29 1 37 84 47 14 4 62 53 86 40 16 23 18 5 97 
TEST 9 ARG:21 1 99 85 18 84 11 66 5 28 43 89 23 34 26 68 20 25 4 46 31 41 15 51 56 92 12 16 27 47 86 73 88 2 36 14 29 80 67 57 75 93 98 42 65 30 74 64 7 10 83 79 48 91 94 62 53 59 90 0 32 54 97 60 33 70 9 58 37 71 95 82 6 52 17 87 61 24 8 55 72 38 3 45 19 69 44 81 50 22 13 49 40 63 96 35 77 39 78 76 
TEST 10 ARG:85 73 48 9 71 31 67 88 38 74 63 27 44 32 97 45 34 14 12 52 39 24 47 10 17 42 18 25 89 37 20 56 58 82 96 84 93 61 81 0 19 29 30 86 3 22 90 13 33 62 23 94 65 49 64 80 2 54 69 53 83 1 55 26 59 4 79 15 40 36 8 66 95 98 11 43 6 87 5 78 75 91 68 28 7 50 92 57 41 35 72 46 70 99 51 16 21 76 77 60 
TEST 11 ARG:3 30 48 77 13 20 0 84 45 22 42 78 58 51 63 83 2 35 6 44 66 80 86 89 29 82 21 92 7 11 73 97 94 69 19 57 49 5 56 71 75 1 85 54 23 99 93 87 9 98 33 95 10 53 41 88 68 96 28 26 12 61 55 18 27 67 32 8 74 60 17 64 62 47 79 76 91 38 59 25 70 15 31 39 24 81 50 34 90 14 16 40 43 36 37 72 65 46 4 52 
TEST 12 ARG:61 7 52 90 75 31 40 86 30 82 94 71 18 81 59 24 85 34 23 88 4 55 47 62 41 54 97 84 68 39 96 72 9 21 49 5 12 83 2 1 15 70 26 69 45 14 6 16 95 50 93 63 64 8 87 74 42 98 3 91 58 53 67 78 38 25 76 44 0 29 73 99 32 19 66 11 89 77 65 27 33 56 79 92 43 28 37 22 36 57 13 51 17 35 80 48 20 60 10 46 
TEST 13 ARG:85 60 75 76 8 53 55 68 33 34 81 64 88 48 28 89 20 23 1 86 61 15 25 46 43 80 99 19 97 84 30 49 35 91 22 90 36 12 24 73 54 51 6 52 38 32 62 11 42 47 63 3 41 57 44 0 78 10 50 83 56 59 71 17 39 26 65 87 14 98 70 29 69 9 92 7 67 5 40 13 4 72 37 45 31 79 2 95 21 77 96 93 58 66 18 74 94 27 16 82 
TEST 14 ARG:85 76 19 2 9 61 41 8 64 90 75 23 70 36 34 82 54 49 86 28 93 53 13 30 79 65 67 63 96 37 33 0 56 45 6 1 57 87 69 26 43 50 21 12 25 99 89 52 38 11 27 31 60 7 14 3 62 77 15 18 10 55 39 51 35 73 83 74 72 17 80 94 95 68 32 22 92 29 66 24 44 40 88 71 59 16 78 84 91 46 97 5 48 98 47 81 42 20 58 4 
TEST 15 ARG:62 25 51 34 11 86 59 74 92 43 54 68 7 31 22 57 29 23 20 21 0 40 24 97 67 56 63 5 64 27 77 17 66 41 52 93 45 58 38 30 72 12 35 60 95 70 16 39 79 76 47 69 78 14 42 89 90 4 50 84 32 55 96 3 44 36 13 98 91 71 75 83 37 82 88 80 46 1 99 85 9 2 26 94 81 10 18 87 8 15 48 53 19 65 61 28 49 6 33 73 
TEST 16 ARG:39 48 46 30 83 73 17 77 3 56 63 16 68 24 70 57 21 20 1 43 40 12 94 25 66 34 4 7 95 64 65 82 19 13 31 9 50 10 91 69 59 84 2 96 51 55 79 67 28 88 36 14 98 62 81 89 93 97 60 27 87 58 85 29 74 72 11 18 6 99 37 38 61 52 76 22 15 44 42 41 92 32 49 54 33 23 90 45 35 53 86 8 47 5 80 26 78 71 75 0 
TEST 17 ARG:40 63 54 83 20 67 22 87 93 35 25 53 90 61 9 43 8 33 30 76 77 14 59 73 16 23 84 65 55 45 64 49 5 52 31 28 7 58 18 98 34 80 11 79 17 82 97 85 70 27 37 15 21 12 66 46 1 24 62 75 91 29 89 86 36 26 39 6 94 41 2 10 81 99 95 78 57 88 32 68 0 48 74 96 3 71 92 42 69 51 47 4 60 19 13 50 56 44 72 38 
TEST 18 ARG:54 98 68 91 17 27 31 39 85 62 11 52 45 0 99 80 93 32 26 70 20 50 46 84 43 8 30 73 72 81 61 96 90 18 29 55 33 67 92 71 40 34 89 10 88 19 4 25 59 57 94 41 51 44 77 65 42 2 74 95 48 83 24 97 7 6 66 38 5 23 35 53 76 14 9 1 87 36 69 16 56 21 22 63 78 86 60 79 28 47 82 75 37 15 3 64 49 12 13 58 
TEST 19 ARG:3 4 18 83 27 35 6 53 38 52 58 95 33 65 93 67 78 54 23 43 86 0 1 16 90 63 55 64 32 92 85 50 26 49 77 12 11 94 69 14 74 68 76 82 39 56 2 44 37 81 47 30 41 42 66 10 24 80 79 72 21 70 15 29 88 71 61 59 20 45 97 34 46 5 98 19 13 60 57 73 9 96 99 31 7 40 89 51 28 25 87 17 84 75 48 62 8 91 36 22 
TEST 20 ARG:30 2 25 4 7 86 9 98 21 52 68 32 27 44 67 89 88 28 37 83 60 42 77 95 0 74 97 93 58 36 18 35 57 6 94 69 82 90 63 73 5 1 47 66 20 39 56 80 14 17 62 24 65 41 48 43 49 29 75 13 3 91 23 85 99 96 54 76 40 19 26 34 16 81 15 22 79 38 50 61 78 51 72 55 10 46 87 8 45 11 70 59 53 64 31 12 92 71 33 84 
TEST 21 ARG:19 92 84 68 32 75 34 94 88 1 69 52 91 83 76 79 99 58 13 12 70 45 14 60 29 42 3 15 87 47 86 96 20 23 93 25 63 27 6 53 39 95 56 98 8 55 48 71 65 43 82 36 62 46 40 24 77 51 66 37 97 57 85 41 31 7 80 67 21 64 61 73 16 30 38 28 33 72 74 11 26 49 78 10 50 44 54 35 18 9 22 2 90 0 5 4 81 59 17 89 
TEST 22 ARG:84 27 29 83 30 35 14 31 93 88 78 20 0 53 46 37 40 65 86 76 19 94 60 43 90 26 99 2 82 64 56 21 11 62 44 81 96 25 70 7 95 16 97 34 73 74 33 59 22 75 28 61 38 55 1 6 80 49 58 89 72 4 13 39 63 10 17 79 87 71 68 54 92 69 48 36 5 3 23 18 42 15 67 91 9 47 12 52 98 24 66 45 85 32 41 77 57 51 50 8 
TEST 23 ARG:3 79 66 96 97 4 39 19 14 64 44 75 65 94 91 49 69 71 80 11 36 0 85 99 34 7 17 95 70 50 46 86 45 29 31 67 2 12 58 54 41 88 15 68 59 26 20 73 56 81 13 62 90 60 27 48 52 47 37 92 84 98 22 6 18 43 35 87 78 77 25 8 38 51 32 89 82 72 74 83 42 55 61 57 1 10 63 76 16 28 23 24 9 21 5 53 93 40 33 30 
TEST 24 ARG:77 74 22 52 70 26 9 62 90 91 43 78 15 97 51 53 46 38 34 66 87 60 25 89 37 39 98 75 63 12 56 59 44 55 49 47 45 65 17 82 88 42 71 79 76 72 96 0 13 31 69 16 27 67 85 81 18 99 94 61 93 3 23 19 11 54 21 50 28 41 30 29 84 5 86 35 48 8 33 57 20 32 68 24 58 95 36 92 64 80 4 83 6 40 14 1 10 7 2 73 
TEST 25 ARG:9 11 94 68 19 82 93 90 70 84 35 74 61 33 77 39 38 41 81 50 53 51 88 23 46 73 52 18 95 65 92 56 25 22 34 55 31 5 1 97 59 29 28 87 13 27 99 2 98 16 75 47 30 45 83 49 80 40 79 71 72 12 66 37 21 15 36 10 24 26 6 43 64 54 78 86 4 76 42 96 67 91 3 7 8 17 60 57 58 32 69 44 20 14 85 48 63 89 0 62 
TEST 26 ARG:77 92 88 56 0 89 23 3 31 57 79 14 21 5 1 64 93 75 51 8 76 34 24 22 4 30 68 29 6 25 84 11 43 78 81 71 74 32 20 46 67 9 38 12 61 50 42 60 36 13 33 73 55 90 72 37 65 19 17 63 62 47 98 27 69 59 26 39 70 16 83 45 99 7 85 53 87 54 96 49 91 18 86 58 28 52 41 66 94 97 80 15 2 95 10 40 35 82 44 48 
TEST 27 ARG:10 73 33 81 94 56 45 14 87 47 25 88 28 38 12 55 76 41 15 93 54 97 3 43 21 44 96 9 34 71 24 17 52 42 23 4 80 79 36 68 90 89 16 8 11 85 57 58 61 75 70 50 59 32 27 92 91 51 20 13 46 39 62 49 31 64 60 35 53 5 48 84 99 66 26 83 0 6 40 19 86 30 18 29 63 74 82 98 37 72 67 22 78 65 77 7 1 2 69 95 
TEST 28 ARG:47 70 0 10 22 97 20 74 45 31 40 50 80 58 28 59 71 91 21 51 1 85 30 72 13 48 64 9 34 62 66 81 63 25 57 35 8 23 27 17 53 77 38 93 46 15 33 39 69 82 4 96 55 12 41 86 95 76 83 54 73 14 44 92 24 87 56 7 88 3 18 29 37 19 90 11 75 89 61 67 5 78 6 43 16 99 36 60 79 94 26 65 32 52 68 98 49 42 84 2 
TEST 29 ARG:38 85 71 70 81 87 86 19 1 47 42 57 48 72 41 40 95 27 50 21 16 99 39 92 25 44 32 6 5 67 46 4 98 94 36 78 93 11 17 26 0 23 56 20 62 61 28 89 88 75 18 60 69 68 31 22 59 76 80 7 34 79 54 33 29 58 55 13 8 53 10 73 3 90 2 9 65 91 97 30 84 12 83 49 14 15 66 77 37 51 24 52 96 74 82 35 43 45 64 63 
TEST 30 ARG:86 64 62 48 4 27 7 35 37 3 8 21 50 78 71 63 52 98 58 38 69 66 57 11 10 59 18 0 74 12 68 19 15 34 67 60 84 88 83 80 56 28 43 76 25 70 40 20 49 13 53 24 44 99 79 73 23 96 65 47 45 41 93 81 6 61 1 9 89 82 97 42 32 2 14 31 46 85 36 30 26 72 54 17 91 51 33 16 55 22 75 29 95 5 87 90 77 92 39 94 
TEST 31 ARG:62 15 52 2 96 19 73 12 93 49 58 57 16 5 43 14 83 84 87 82 92 60 76 3 71 32 33 80 34 90 24 63 56 95 37 86 8 67 38 46 68 91 20 59 18 35 25 51 64 75 6 61 77 69 41 29 28 48 94 74 53 4 85 42 78 97 70 10 22 11 79 36 7 99 13 31 27 54 9 66 65 40 47 17 26 72 89 55 98 23 0 21 44 88 1 45 39 81 50 30 
TEST 32 ARG:9 16 92 90 65 70 5 45 47 43 86 87 31 58 19 75 18 49 14 62 11 79 67 2 50 40 51 20 68 89 35 27 48 59 54 83 34 97 46 29 42 85 76 44 69 10 73 0 8 55 81 37 22 72 3 74 30 64 66 7 21 24 63 94 32 82 41 57 25 6 93 28 80 78 99 13 84 96 39 38 77 61 98 17 1 91 71 56 36 52 33 15 4 53 23 60 95 26 88 12 
TEST 33 ARG:30 61 32 40 89 64 4 14 86 46 31 75 62 87 72 99 85 79 42 27 81 36 63 50 52 29 12 17 74 18 51 2 98 11 96 53 54 13 56 47 7 48 26 41 78 83 80 65 44 73 57 58 49 84 3 97 23 15 66 10 39 9 76 93 77 92 22 37 6 21 35 16 88 24 38 25 0 91 59 1 43 19 90 45 71 8 28 55 68 70 82 20 34 95 67 33 5 94 69 60 
TEST 34 ARG:88 92 96 90 69 27 64 98 80 46 9 39 65 35 44 30 81 26 91 51 72 8 57 55 20 48 73 7 74 15 47 66 14 28 76 12 95 29 79 2 21 18 19 37 97 1 52 24 85 36 84 59 61 94 41 3 70 0 67 93 34 45 78 38 89 62 60 10 6 17 58 82 63 5 4 16 23 87 32 56 50 33 99 68 31 54 83 25 13 49 42 86 22 53 11 77 43 71 40 75 
TEST 35 ARG:27 49 95 80 99 20 32 59 56 58 82 67 55 70 60 73 96 38 57 84 17 75 1 39 50 71 40 12 30 21 8 77 54 6 11 69 61 24 19 76 33 45 89 28 31 85 78 51 10 64 4 13 74 86 63 93 66 41 81 72 52 9 87 34 97 90 15 7 14 36 46 92 98 53 83 35 48 18 5 25 16 2 42 22 29 94 79 3 26 47 37 62 68 0 43 91 23 44 65 88 
TEST 36 ARG:50 71 5 69 92 12 55 54 96 94 59 2 45 83 41 13 81 0 26 15 14 20 72 58 11 79 48 34 46 3 63 49 29 42 84 7 56 52 60 51 87 39 25 73 16 85 78 22 17 18 30 82 89 38 1 65 35 9 99 88 61 66 68 70 19 43 31 75 40 37 98 77 8 27 33 64 44 95 67 53 97 28 23 24 47 10 76 91 86 21 36 62 6 32 90 4 80 93 74 57 
TEST 37 ARG:52 90 10 75 66 18 84 26 36 23 46 85 81 22 76 42 1 79 41 0 49 77 29 72 64 21 51 73 68 5 57 62 71 53 92 97 15 3 83 93 37 69 13 94 65 44 88 50 48 63 33 87 61 30 40 58 2 6 25 56 11 54 24 74 89 67 28 12 55 4 9 16 8 80 38 7 47 78 99 17 82 91 39 31 98 86 45 95 60 34 43 32 59 35 70 96 19 14 27 20 
TEST 38 ARG:60 89 14 27 20 24 6 47 71 97 68 81 86 74 57 12 62 2 18 64 35 5 93 82 51 9 28 96 72 94 39 31 42 29 45 38 41 79 7 83 92 54 70 98 58 23 84 69 87 0 66 21 16 61 73 1 43 44 50 10 36 75 95 52 8 15 53 25 90 26 4 55 91 46 19 56 17 13 32 80 63 76 48 37 3 30 11 49 65 22 34 99 88 77 40 78 85 33 67 59 
TEST 39 ARG:7 70 52 51 63 27 72 33 3 54 30 23 26 88 10 0 66 64 22 91 18 44 29 46 2 28 37 21 75 89 6 4 13 94 97 79 1 61 57 9 69 14 31 65 96 48 81 32 59 49 8 11 17 83 25 5 76 92 39 15 87 67 47 68 99 90 77 19 53 35 98 41 40 95 12 36 60 62 84 93 73 34 43 56 42 38 55 82 50 71 74 86 85 58 45 20 24 78 80 16 
TEST 40 ARG:83 72 90 74 79 28 95 25 58 51 40 56 10 82 67 15 20 93 1 49 34 52 50 22 45 36 69 85 33 76 29 26 46 41 96 30 11 68 65 32 44 3 87 59 75 80 5 47 55 4 42 7 99 63 53 73 77 98 66 92 94 12 71 91 21 57 37 61 0 27 17 89 31 16 97 8 64 78 2 62 81 38 14 35 70 9 86 39 43 88 24 48 54 19 13 84 6 60 18 23 
TEST 41 ARG:74 62 5 94 81 72 51 14 83 26 41 57 79 64 27 66 8 98 19 70 99 77 21 40 89 58 95 93 39 52 76 65 32 69 11 54 29 80 87 38 82 43 86 78 34 2 37 6 33 50 56 44 47 42 18 85 67 17 91 59 3 9 45 7 36 53 28 84 15 10 63 0 48 30 25 88 22 24 90 60 20 4 68 92 97 71 73 55 49 16 61 96 1 31 75 35 46 12 23 13 
TEST 42 ARG:76 21 86 16 83 3 34 42 15 38 89 72 90 98 81 68 27 25 64 61 33 60 78 82 31 45 13 10 17 9 71 47 77 50 32 97 87 20 37 41 12 19 2 8 44 6 63 66 24 40 75 80 59 11 35 23 58 85 73 26 96 36 7 49 84 54 62 1 65 88 4 29 28 56 94 79 14 91 99 51 53 22 55 46 48 52 43 57 18 30 39 67 74 92 0 93 69 70 95 5 
TEST 43 ARG:20 14 58 93 94 48 21 97 11 53 63 26 70 15 89 47 64 79 42 24 34 36 65 23 71 22 16 17 18 28 49 13 30 44 9 60 88 43 72 25 51 86 38 96 99 31 59 78 3 29 83 62 5 76 98 50 61 39 90 84 10 40 2 92 68 54 69 6 27 87 55 82 32 19 0 95 35 37 4 12 57 74 45 81 77 91 75 66 7 8 46 1 80 41 33 52 67 73 56 85 
TEST 44 ARG:39 10 23 45 78 89 16 67 12 77 17 51 19 11 84 85 29 73 82 9 72 2 55 58 5 18 87 70 71 46 20 68 64 95 21 15 6 27 14 59 31 1 53 24 75 97 61 93 62 50 4 41 54 92 99 66 91 25 13 81 74 38 65 42 52 33 30 48 26 56 86 63 7 94 49 8 3 76 90 40 96 60 57 34 83 32 37 43 44 36 98 35 22 28 69 47 88 79 80 0 
TEST 45 ARG:59 46 4 2 41 96 45 10 1 69 66 48 39 85 53 98 9 8 99 29 22 65 21 79 36 57 60 11 27 51 88 15 14 86 0 25 30 34 67 42 6 52 5 90 18 55 35 89 24 91 77 43 62 78 97 32 20 83 12 3 70 44 93 47 71 64 73 49 40 74 16 61 63 84 50 26 75 19 37 31 82 56 87 92 13 81 54 23 94 7 68 33 58 95 76 17 72 28 38 80 
TEST 46 ARG:82 79 64 17 36 40 71 89 2 7 62 37 55 68 32 72 85 42 63 45 24 21 97 26 46 8 5 15 10 49 29 56 27 60 51 3 96 16 87 74 67 43 90 91 34 9 92 69 23 11 80 44 98 53 31 99 1 48 14 12 25 4 93 86 78 59 81 54 30 83 18 35 66 22 47 33 52 65 6 77 70 61 39 88 75 0 41 95 58 84 38 19 20 50 28 73 57 13 76 94 
TEST 47 ARG:23 72 7 39 22 33 31 47 55 90 69 75 38 80 34 98 71 67 30 48 88 60 56 29 81 82 4 66 93 25 77 43 76 9 5 59 3 65 32 21 62 1 27 63 6 20 61 68 15 35 16 11 14 8 40 50 91 46 78 92 12 42 58 19 96 36 57 45 84 18 99 10 64 2 94 86 0 89 26 52 13 83 95 17 24 87 79 49 53 51 74 41 54 37 73 70 28 44 85 97 
TEST 48 ARG:73 3 6 54 83 47 35 80 38 33 28 16 26 39 10 25 14 51 9 76 45 89 44 21 11 27 69 18 94 41 68 13 56 92 84 66 23 24 49 91 85 2 62 43 67 81 7 88 77 52 53 30 61 40 19 70 58 55 65 46 4 8 1 5 98 90 60 0 96 57 15 82 97 22 74 87 63 42 79 75 20 29 86 95 50 64 93 78 32 71 59 99 31 37 34 48 17 72 12 36 
TEST 49 ARG:80 31 86 82 39 21 3 53 73 83 13 18 64 52 94 88 37 95 75 50 63 42 57 71 81 28 9 27 77 99 0 54 16 6 22 19 48 90 14 38 87 78 79 96 84 24 29 8 5 72 11 32 10 51 34 23 33 43 76 60 49 20 97 2 26 45 47 85 68 70 62 15 17 67 98 7 93 44 65 35 30 4 36 61 74 89 55 56 40 69 25 58 46 1 12 66 41 59 92 91 
TEST 50 ARG:0 69 6 22 77 41 80 23 51 28 4 1 81 98 30 29 71 31 87 15 76 96 21 58 3 64 68 37 85 33 43 83 12 60 26 48 9 36 34 92 72 5 62 44 16 11 52 45 53 97 2 10 89 99 46 38 18 54 94 20 93 61 59 8 78 90 19 50 32 14 57 40 55 17 70 84 79 88 86 13 74 39 75 35 42 56 66 82 24 25 65 73 7 67 47 91 27 95 49 63 
TEST 51 ARG:55 44 94 2 25 78 50 76 64 67 43 22 32 19 30 91 84 62 90 6 12 79 5 26 96 93 27 3 47 57 52 86 38 40 17 70 80 16 51 89 33 66 99 53 83 61 1 0 73 88 8 82 74 87 58 45 15 60 59 85 36 23 46 29 39 18 48 37 49 31 11 97 75 24 92 95 68 72 14 7 69 81 98 20 21 63 10 4 9 54 65 34 35 28 77 41 56 13 42 71 
TEST 52 ARG:87 48 63 57 70 55 78 67 80 38 31 79 92 14 77 6 99 46 1 96 86 40 60 62 10 9 47 83 75 39 12 24 25 88 4 61 50 64 74 34 2 43 26 97 11 82 19 84 15 17 8 81 72 29 98 16 30 51 23 3 5 71 53 93 27 0 59 89 18 90 58 91 21 49 95 76 35 68 52 33 13 73 56 28 36 69 22 41 44 94 85 42 37 65 7 66 45 20 32 54 
TEST 53 ARG:25 76 77 45 69 35 16 17 43 93 32 74 26 96 19 9 38 81 33 79 70 64 67 68 34 73 90 78 0 56 99 84 24 91 83 40 50 65 98 88 20 44 13 63 57 53 28 61 5 23 87 41 10 55 7 60 80 29 3 48 21 92 31 94 52 46 85 75 49 1 95 27 97 8 54 62 86 14 30 6 66 42 39 51 89 47 11 59 82 37 58 71 4 18 22 12 72 15 36 2 
TEST 54 ARG:89 20 39 52 3 92 17 63 69 51 15 96 47 77 8 33 64 22 48 74 60 27 61 6 53 75 79 71 43 1 59 70 24 78 80 30 5 0 98 72 35 97 28 40 49 10 37 62 38 45 11 46 66 87 16 44 2 65 42 50 18 21 85 12 93 7 41 76 9 23 25 84 54 14 29 73 32 19 56 83 88 94 36 82 81 67 31 95 13 68 4 55 90 91 58 99 57 86 26 34 
TEST 55 ARG:21 63 15 81 30 46 33 25 1 17 97 13 16 37 77 71 79 62 0 7 92 64 52 50 96 86 10 3 51 66 84 18 11 27 19 59 58 4 70 65 87 44 98 53 69 45 78 40 85 47 94 67 28 60 91 80 38 99 54 2 56 23 24 48 55 12 90 43 5 57 14 6 88 82 72 31 36 89 75 41 29 26 83 32 93 74 42 20 61 39 73 76 35 49 9 34 22 8 68 95 
TEST 56 ARG:72 97 6 95 43 98 15 18 21 65 20 87 5 35 38 0 85 70 42 17 14 53 11 94 45 83 32 96 1 76 25 75 63 3 29 41 74 12 2 91 93 33 71 13 48 8 4 89 34 81 54 69 59 40 68 30 77 67 90 66 88 99 78 39 31 46 58 79 62 16 56 61 60 28 44 57 84 19 82 73 50 37 55 64 86 27 22 36 92 52 7 51 80 49 24 10 26 47 23 9 
TEST 57 ARG:53 56 85 12 89 57 78 75 10 16 25 14 48 40 1 37 95 45 54 8 38 39 20 23 87 21 77 9 42 34 44 51 11 6 47 92 63 4 84 74 58 96 28 81 33 76 99 86 88 90 2 80 19 93 7 46 35 67 65 5 55 49 69 24 59 52 22 43 68 17 72 73 71 64 98 0 50 13 36 30 91 61 27 70 41 97 66 82 83 79 31 3 29 62 26 94 32 15 60 18 
TEST 58 ARG:8 31 86 14 88 61 67 84 3 94 19 54 6 93 38 11 65 51 2 24 57 50 81 41 63 5 97 64 4 85 72 80 87 39 66 20 71 58 96 36 68 0 69 25 26 45 12 27 75 16 34 82 40 17 52 59 9 56 92 89 7 35 76 79 23 74 62 95 1 30 43 49 90 48 60 18 70 29 42 47 32 13 46 91 99 78 44 53 33 22 83 15 77 73 28 55 37 10 21 98 
TEST 59 ARG:88 5 30 16 52 46 36 25 96 60 97 47 33 11 99 50 17 34 48 65 13 76 49 12 20 1 91 59 57 98 75 72 3 51 45 0 28 10 93 62 7 41 74 9 58 64 35 21 14 56 80 31 61 37 66 4 8 86 71 79 77 87 39 29 68 27 42 15 63 73 81 92 70 90 38 32 69 43 18 2 6 94 23 44 89 95 84 55 40 83 19 24 78 26 22 54 82 85 67 53 
TEST 60 ARG:36 30 13 2 93 71 4 46 97 18 42 26 6 67 78 32 35 1 0 79 90 80 47 81 15 44 66 96 3 49 45 62 53 10 17 33 85 41 16 89 25 27 75 76 54 55 59 82 95 57 65 63 24 38 91 72 68 21 28 69 14 5 74 88 11 61 70 23 94 77 86 58 40 98 48 43 50 34 12 64 51 19 20 84 56 37 9 60 7 52 87 31 22 39 73 99 8 29 92 83 
TEST 61 ARG:1 24 30 86 34 79 89 60 28 18 43 5 36 33 51 37 69 19 22 42 9 11 97 75 70 7 27 13 0 14 35 49 57 10 20 45 95 48 74 4 41 31 85 59 38 99 3 76 2 81 26 55 67 78 93 32 25 53 72 80 44 63 16 92 66 65 62 68 77 8 82 90 94 12 21 56 39 64 50 84 46 71 61 54 98 40 96 17 87 29 88 73 58 52 83 6 91 15 47 23 
TEST 62 ARG:97 76 24 8 60 77 49 9 58 79 42 68 41 4 95 3 11 87 43 34 19 18 67 78 93 75 36 85 30 21 55 39 7 91 35 44 70 66 25 82 40 22 62 74 90 15 27 29 92 89 17 51 72 96 16 84 54 20 14 99 32 46 86 0 59 31 37 94 73 48 71 47 33 98 61 50 83 23 65 88 38 53 6 1 57 64 12 63 10 2 13 80 52 5 69 45 28 81 26 56 
TEST 63 ARG:57 31 78 64 55 67 69 16 85 1 13 92 48 17 24 6 58 49 94 15 73 75 29 32 38 77 91 44 79 11 93 71 25 30 41 34 52 27 8 7 3 47 46 74 51 39 18 9 99 81 54 62 0 90 10 63 22 50 98 37 4 40 35 53 14 76 19 87 83 80 43 26 20 21 86 89 97 42 68 61 84 82 65 95 72 96 23 36 5 70 59 45 60 56 33 2 66 88 28 12 
TEST 64 ARG:68 50 93 27 61 51 97 3 22 4 19 99 17 78 6 65 80 37 23 76 85 57 91 53 46 58 12 0 90 39 70 15 55 73 86 87 29 92 79 71 94 14 35 31 56 32 89 52 59 36 66 18 95 69 25 44 8 28 77 20 40 84 33 13 88 67 43 60 75 1 63 62 38 41 45 24 7 98 9 47 5 11 64 16 21 30 42 2 48 26 34 72 83 54 10 74 96 81 49 82 
TEST 65 ARG:38 11 20 40 49 34 4 68 32 64 82 83 33 80 52 8 45 12 76 5 51 99 57 22 96 58 78 48 26 69 37 47 98 28 71 66 89 31 70 75 91 81 19 2 79 87 85 24 65 25 94 1 6 95 42 9 61 92 17 30 41 74 54 93 35 97 3 44 88 72 63 55 43 73 29 23 39 50 14 16 7 27 13 46 77 0 67 15 56 90 18 62 36 21 84 53 86 10 60 59 
TEST 66 ARG:99 56 97 15 74 5 8 3 95 46 87 58 90 55 57 24 60 11 23 89 0 98 69 77 78 42 10 44 19 22 26 50 6 29 83 39 59 33 73 63 38 92 30 45 88 16 66 81 93 48 70 61 27 34 43 4 82 53 13 1 72 25 35 65 9 28 86 54 91 31 52 71 68 96 21 62 32 20 2 36 37 12 7 18 67 75 49 64 41 17 76 47 80 79 14 85 94 51 40 84 
TEST 67 ARG:25 2 87 60 4 71 28 91 49 68 97 5 67 52 23 77 80 99 69 3 44 53 8 55 7 12 1 39 79 86 21 70 24 61 63 90 37 89 96 75 16 57 19 76 54 51 95 59 65 22 47 48 46 50 73 11 40 15 94 42 66 41 82 56 45 17 81 32 0 29 34 30 85 92 84 74 35 14 6 13 62 31 36 58 64 38 20 18 33 72 9 78 88 43 83 98 93 27 10 26 
TEST 68 ARG:37 48 38 23 92 89 76 10 84 26 55 47 56 36 52 95 80 79 65 25 73 8 77 50 40 3 35 70 60 90 62 27 24 6 11 72 74 7 9 98 68 14 19 0 75 32 99 28 61 30 5 20 78 29 44 17 43 22 46 1 59 54 2 69 41 31 4 66 45 15 83 33 96 67 91 12 16 88 51 57 39 86 87 13 64 18 93 34 81 58 97 94 71 21 63 85 49 53 42 82 
TEST 69 ARG:60 10 23 43 88 18 36 98 71 44 57 28 80 13 79 45 82 85 96 70 21 17 39 59 35 97 12 16 93 73 4 67 69 6 51 56 54 34 74 11 2 62 26 14 87 42 92 20 41 33 75 95 63 94 38 89 90 1 86 84 27 37 46 24 76 7 22 47 30 66 19 0 64 49 9 40 68 15 58 78 29 77 61 3 72 53 8 31 83 81 99 32 48 25 52 65 55 91 5 50 
TEST 70 ARG:48 38 18 15 12 59 78 50 32 92 56 9 33 96 91 86 47 64 39 58 41 85 52 81 88 23 27 93 7 4 83 25 43 65 31 82 13 84 11 20 28 8 45 5 29 87 53 62 54 61 76 94 34 73 74 1 80 49 69 89 37 97 22 17 57 16 10 35 40 75 99 26 6 72 77 2 19 42 70 46 0 66 44 98 63 14 90 30 79 3 51 67 71 36 24 55 68 21 60 95 
TEST 71 ARG:10 62 53 98 38 25 42 19 44 13 9 84 96 69 83 40 66 61 41 28 79 54 33 51 87 0 4 71 88 75 22 21 16 55 47 15 57 3 30 67 34 8 48 78 1 85 99 5 26 81 93 64 56 20 43 94 97 52 76 74 35 49 92 39 17 65 80 31 86 58 6 77 27 63 73 50 95 7 91 37 70 24 45 60 32 72 90 59 11 82 18 46 68 23 36 2 12 29 14 89 
TEST 72 ARG:84 43 59 33 51 41 65 13 34 73 90 15 14 58 54 10 52 40 66 37 6 93 99 32 98 88 68 11 63 21 49 45 67 5 39 64 83 97 87 55 94 8 36 61 3 27 16 38 89 79 62 1 24 18 80 69 19 30 70 95 81 31 42 9 56 92 7 78 2 44 0 76 71 60 26 47 20 46 23 75 86 96 53 48 74 22 4 35 82 28 50 91 72 77 12 25 57 29 17 85 
TEST 73 ARG:25 60 53 35 50 86 10 94 13 63 34 91 24 12 47 61 36 6 18 32 8 95 28 19 98 76 9 16 11 71 92 78 73 41 40 22 7 52 4 42 70 1 44 38 17 45 26 46 0 15 90 88 80 87 96 23 69 5 64 99 89 83 43 51 62 97 66 74 39 84 68 55 21 3 85 29 2 27 72 14 58 54 82 67 49 93 81 48 37 65 30 77 33 20 75 59 79 56 57 31 
TEST 74 ARG:51 32 43 70 95 97 69 68 37 54 4 44 77 31 13 30 45 79 25 0 18 19 20 17 33 11 16 61 12 89 38 26 47 52 22 73 6 74 48 83 65 49 72 58 84 66 62 42 2 88 98 36 40 60 8 96 53 63 35 80 9 15 75 93 59 14 10 99 87 56 67 29 55 76 46 57 78 39 21 92 82 27 1 90 34 3 81 85 64 28 71 50 94 24 91 7 5 41 86 23 
TEST 75 ARG:32 88 54 2 0 29 57 35 9 55 10 26 44 15 37 43 6 96 34 38 17 46 87 48 69 18 92 89 13 60 47 75 36 73 70 22 21 28 52 80 30 11 56 72 78 19 7 79 3 59 14 27 24 39 12 31 90 58 42 61 40 85 1 74 81 91 51 45 23 67 77 33 65 97 64 93 86 63 41 84 82 49 66 71 94 53 50 99 95 76 68 98 16 25 83 20 62 8 5 4 
TEST 76 ARG:21 32 13 74 39 49 40 24 8 87 66 64 53 82 69 0 62 42 14 7 27 22 54 43 19 95 78 2 6 79 51 38 99 35 55 85 50 71 96 45 16 34 9 67 59 86 58 60 73 46 3 75 36 15 57 31 94 44 18 56 1 37 29 20 26 65 81 17 90 92 98 61 25 12 68 48 97 84 88 28 41 70 83 80 52 4 76 89 77 33 91 10 30 11 47 23 93 72 5 63 
TEST 77 ARG:29 66 23 72 17 79 80 55 7 8 45 48 52 60 4 12 27 67 96 97 10 33 14 89 69 83 70 0 34 42 93 76 46 11 62 84 78 18 59 16 47 65 94 99 39 31 74 50 36 51 19 85 37 15 24 26 35 91 38 63 61 9 28 73 87 41 77 30 68 75 57 88 53 64 56 21 2 5 71 40 49 90 44 20 81 22 95 3 32 1 13 6 25 86 82 98 54 43 92 58 
